Station	Long	Lat	Dur_E	Dur_N	Dur_U	GOM25_Vel_E	GOM25_Vel_N	GOM25_Vel_U	IGS20_Vel_E	IGS20_Vel_N	IGS20_Vel_U	Diff_Vel_E	Diff_Vel_N	Diff_Vel_U
AL13	-85.931	34.604	15.090	15.080	11.540	0.100	-0.500	0.800	-13.600	0.700	-0.800	13.700	-1.200	1.600
AL15	-86.080	33.990	15.080	12.240	12.190	0.000	-0.100	-0.200	-13.500	0.900	-1.000	13.500	-1.000	0.800
AL20	-87.663	34.710	11.950	11.950	11.950	0.100	0.100	0.600	-13.700	0.600	-0.200	13.800	-0.500	0.800
AL30	-86.853	33.532	18.990	18.990	18.990	-0.100	0.000	-0.100	-13.500	0.800	-0.900	13.400	-0.800	0.800
AL35	-86.757	33.165	16.370	16.370	16.370	0.100	0.300	0.100	-13.200	1.100	-0.700	13.300	-0.800	0.800
AL46	-85.161	32.326	15.080	12.210	12.190	0.200	0.000	-0.600	-12.900	1.400	-1.300	13.100	-1.400	0.700
AL50	-87.502	33.168	18.990	18.990	18.990	-0.200	-0.800	-0.100	-13.500	-0.300	-0.900	13.300	-0.500	0.800
AL55	-87.616	32.711	12.150	12.150	11.560	0.100	-0.400	-0.000	-13.100	0.100	-0.800	13.200	-0.500	0.800
AL60	-86.271	32.411	18.570	18.570	17.360	-0.000	0.200	-0.700	-13.100	1.200	-1.500	13.100	-1.000	0.800
AL81	-88.182	32.576	14.210	14.230	12.510	-0.900	-0.200	-0.900	-14.100	0.100	-1.700	13.200	-0.300	0.800
AL82	-87.626	32.257	14.950	5.590	13.750	0.200	-0.400	-0.700	-12.900	0.100	-1.400	13.100	-0.500	0.700
AL84	-87.789	31.700	15.870	12.470	14.660	-0.000	-0.000	-0.900	-12.900	0.400	-1.600	12.900	-0.400	0.700
ALA1	-85.504	32.599	15.050	12.450	13.840	0.100	0.100	-0.300	-13.000	1.300	-1.200	13.100	-1.200	0.900
ALCN	-85.659	34.163	15.450	15.450	15.450	-0.100	-0.000	0.400	-13.700	1.200	-0.500	13.600	-1.200	0.900
ALCU	-86.845	34.180	12.490	12.450	14.750	0.100	0.000	0.100	-13.500	0.800	-0.700	13.600	-0.800	0.800
ALFA	-87.829	33.685	15.090	15.090	15.090	-0.100	-0.200	0.200	-13.600	0.200	-0.600	13.500	-0.400	0.800
ALGR	-86.617	31.829	15.090	12.220	12.190	0.100	0.000	-0.700	-12.900	0.800	-1.300	13.000	-0.800	0.600
ALHC	-85.635	33.524	12.950	14.800	14.800	-0.100	-0.500	0.300	-13.500	0.700	-0.600	13.400	-1.200	0.900
ALLA	-85.401	32.917	13.920	16.010	16.010	-0.400	0.200	0.100	-13.600	1.500	-0.700	13.200	-1.300	0.800
ALNB	-85.916	31.377	15.040	11.210	13.830	-0.200	0.100	-0.600	-13.000	1.200	-1.400	12.800	-1.100	0.800
ALSE	-87.012	32.447	12.260	14.890	13.680	-0.200	0.200	-1.000	-13.300	0.900	-1.800	13.100	-0.700	0.800
ALSP	-87.172	34.418	14.370	11.510	11.500	-0.300	-0.300	-0.200	-14.000	0.300	-0.900	13.700	-0.600	0.700
ALTA	-86.121	33.423	14.930	14.930	14.930	0.200	0.300	-0.000	-13.200	1.300	-0.900	13.400	-1.000	0.900
ALTU	-85.954	31.800	10.620	11.870	10.610	0.200	0.200	-0.500	-12.800	1.300	-1.400	13.000	-1.100	0.900
ARCM	-92.883	33.542	19.980	19.980	14.080	-0.000	-0.000	-0.600	-13.500	-1.400	-1.300	13.500	1.400	0.700
ARCY	-92.430	35.113	4.460	4.450	4.460	0.100	-0.100	0.800	-13.800	-1.200	0.100	13.900	1.100	0.700
ARGS	-93.116	34.068	7.110	7.110	7.110	-0.800	0.100	-0.000	-14.400	-1.400	-0.700	13.600	1.500	0.700
ARHP	-93.601	33.696	10.400	19.980	19.980	0.500	-0.000	-0.700	-13.000	-1.600	-1.400	13.500	1.600	0.700
ARLR	-92.383	34.673	19.980	19.980	19.980	0.200	-0.000	0.200	-13.600	-1.200	-0.500	13.800	1.200	0.700
ARMO	-91.813	33.595	8.440	8.440	6.580	-0.300	-0.400	0.300	-13.800	-1.400	-0.400	13.500	1.000	0.700
BOSQ	-97.657	31.923	6.980	6.940	11.040	-0.100	-0.100	-0.700	-13.100	-3.200	-1.200	13.000	3.100	0.500
COLA	-81.122	34.081	26.580	16.540	17.070	-0.200	0.800	-0.300	-13.600	3.600	-1.200	13.400	-2.800	0.900
DLND	-81.263	29.056	20.540	20.550	11.070	-0.000	-0.000	0.100	-12.000	2.600	-0.800	12.000	-2.600	0.900
FLD7	-82.364	27.970	8.090	8.080	8.090	-0.100	-0.400	0.200	-11.900	1.900	-0.600	11.800	-2.300	0.800
FLHS	-82.577	28.801	8.090	7.850	8.090	0.100	-0.600	0.700	-11.900	1.700	-0.100	12.000	-2.300	0.800
FLIT	-80.480	27.028	8.090	8.070	8.090	-0.100	-0.300	0.100	-11.500	2.600	-0.700	11.400	-2.900	0.800
FLKW	-81.754	24.554	10.770	10.770	10.770	0.500	0.500	-0.800	-10.200	2.900	-1.600	10.700	-2.400	0.800
FLMD	-83.275	30.374	8.030	8.010	8.030	0.300	-0.500	-0.100	-12.200	1.500	-1.000	12.500	-2.000	0.900
FLPK	-80.568	24.963	8.090	7.940	8.090	-0.000	-0.400	0.300	-10.900	2.400	-0.500	10.900	-2.800	0.800
FLVR	-80.737	28.247	7.970	8.090	8.090	-0.100	-0.100	0.200	-11.900	2.700	-0.700	11.800	-2.800	0.900
FMYR	-81.864	26.591	19.320	19.290	9.220	0.100	0.400	-0.900	-11.300	2.800	-1.700	11.400	-2.400	0.800
GABU	-84.237	32.557	9.150	9.150	9.150	-0.100	-0.200	0.500	-13.300	1.500	-0.300	13.200	-1.700	0.800
GABY	-84.935	31.378	16.390	16.390	6.920	-0.300	0.000	0.500	-13.100	1.500	-0.300	12.800	-1.500	0.800
GACD	-83.782	31.973	9.340	9.340	9.340	0.000	-0.100	0.500	-12.900	1.800	-0.300	12.900	-1.900	0.800
GACR	-83.346	32.381	16.920	20.190	11.360	0.100	0.100	0.100	-13.000	2.100	-0.800	13.100	-2.000	0.900
GACU	-84.125	34.212	10.460	4.410	4.370	-0.700	0.200	-0.400	-14.300	1.000	-0.100	13.600	-0.800	-0.300
GADG	-82.871	31.495	6.590	9.390	9.390	-0.000	-0.000	0.300	-12.800	2.100	-0.800	12.800	-2.100	1.100
GAEL	-82.872	34.116	9.220	9.220	9.220	0.200	-0.500	0.800	-13.300	1.700	-0.100	13.500	-2.200	0.900
GAGT	-84.396	33.776	13.130	13.130	13.130	-0.000	0.500	0.000	-13.500	2.100	-0.800	13.500	-1.600	0.800
GAHZ	-82.600	31.885	7.980	7.980	7.980	0.100	-0.400	0.100	-12.800	1.900	-1.000	12.900	-2.300	1.100
GALU	-84.789	32.051	9.280	9.280	9.280	-0.100	-0.000	-0.000	-13.100	1.500	-0.800	13.000	-1.500	0.800
GANW	-84.767	33.306	20.400	20.400	10.770	0.100	-0.200	-0.000	-13.300	1.300	-0.000	13.400	-1.500	0.000
GASO	-81.800	32.461	9.320	7.050	9.330	0.500	-0.300	0.100	-12.500	2.200	-0.800	13.000	-2.500	0.900
GATH	-82.499	33.464	7.750	7.750	7.750	-0.200	-0.000	0.600	-13.500	2.300	-0.300	13.300	-2.300	0.900
GATN	-82.803	32.928	9.430	9.430	9.430	-0.000	0.200	0.800	-13.200	2.400	-0.100	13.200	-2.200	0.900
GATO	-83.549	31.437	9.400	9.400	9.400	0.100	0.900	0.300	-12.700	2.800	-0.600	12.800	-1.900	0.900
GATV	-83.983	30.834	4.500	7.430	7.430	-0.200	-0.400	0.000	-12.800	1.400	-0.800	12.600	-1.800	0.800
GNVL	-82.277	29.687	11.650	23.200	11.640	0.100	-0.000	-0.200	-12.200	2.300	-1.100	12.300	-2.300	0.900
GOGA	-83.473	33.415	7.130	7.130	7.130	-0.300	-0.200	0.500	-13.600	1.700	-0.400	13.300	-1.900	0.900
GTAC	-86.653	34.711	16.420	21.590	14.620	-0.200	0.200	0.000	-13.900	1.000	-0.800	13.700	-0.800	0.800
ICDV	-99.157	23.739	3.780	3.780	3.780	0.400	-0.100	0.200	-10.200	-3.800	-0.200	10.600	3.700	0.400
LASH	-93.466	33.006	5.410	7.160	7.160	0.300	-0.500	-0.200	-13.000	-2.000	-0.800	13.300	1.500	0.600
LASV	-93.751	32.511	5.900	5.890	5.900	-0.200	0.200	0.600	-13.400	-1.500	-0.000	13.200	1.700	0.600
LBLL	-81.453	26.748	5.980	8.080	5.970	-0.600	0.200	-0.200	-12.000	2.800	-1.100	11.400	-2.600	0.900
LKCY	-82.578	30.185	7.950	8.080	6.640	0.200	-0.000	0.100	-12.200	2.200	-0.800	12.400	-2.200	0.900
MSCT	-89.571	32.719	5.900	11.660	6.660	-0.500	-0.100	0.100	-13.700	-0.300	-0.600	13.200	0.200	0.700
MSFL	-88.415	34.277	11.660	11.660	6.660	-0.200	-0.300	0.500	-13.800	-0.100	-0.300	13.600	-0.200	0.800
MSME	-88.732	32.368	15.330	19.000	15.280	0.000	-0.100	0.100	-13.100	0.000	-0.700	13.100	-0.100	0.800
MSOX	-89.532	34.364	13.860	12.530	8.740	0.500	-0.000	-0.100	-13.200	-0.200	-0.800	13.700	0.200	0.700
MSST	-88.794	33.454	16.370	16.370	6.090	-0.000	-0.100	-0.100	-13.500	-0.000	-0.800	13.500	-0.100	0.700
MTNT	-80.907	25.866	14.700	22.080	14.750	0.000	0.500	0.700	-11.100	3.200	-0.200	11.100	-2.700	0.900
MTY2	-100.313	25.716	15.650	15.650	15.650	0.300	0.400	0.200	-10.800	-3.600	-0.200	11.100	4.000	0.400
NCLA	-79.448	34.801	9.420	9.570	9.570	-0.100	-0.300	0.600	-13.700	3.100	-0.300	13.600	-3.400	0.900
NCLM	-78.965	34.605	9.570	9.570	9.570	-0.200	-0.100	0.700	-13.700	3.500	-0.300	13.500	-3.600	1.000
NCPO	-80.177	34.993	20.890	20.890	20.890	-0.300	-0.300	0.700	-13.900	2.900	-0.300	13.600	-3.200	1.000
OCLA	-82.104	29.182	7.920	8.090	8.090	0.200	-0.600	0.300	-11.900	1.800	-0.600	12.100	-2.400	0.900
OKAD	-96.738	34.800	18.260	22.910	22.910	-0.000	-0.700	0.600	-13.800	-3.400	-0.000	13.800	2.700	0.600
OKAN	-95.621	34.195	11.820	11.830	11.830	-0.000	-0.100	-0.200	-13.600	-2.400	-0.800	13.600	2.300	0.600
OKAR	-97.169	34.168	11.920	11.890	10.340	-0.300	-0.200	0.300	-13.900	-3.000	0.000	13.600	2.800	0.300
OKCB	-80.855	27.266	22.650	22.650	11.400	0.000	0.100	-0.100	-11.500	2.900	-1.000	11.500	-2.800	0.900
OKDN	-97.967	34.479	11.570	13.690	11.560	0.400	-0.700	0.600	-13.300	-3.900	0.000	13.700	3.200	0.600
OKHV	-94.618	34.913	7.430	16.210	21.990	0.000	0.200	0.400	-13.900	-1.800	-0.500	13.900	2.000	0.900
OKMA	-95.737	34.928	15.150	15.150	15.150	0.300	0.100	0.800	-13.500	-2.300	0.100	13.800	2.400	0.700
P804	-84.226	32.963	12.770	12.770	12.770	-0.000	-0.100	0.000	-13.300	1.600	-0.800	13.300	-1.700	0.800
RCDA	-81.874	27.220	8.090	8.070	8.090	0.200	-0.100	0.500	-11.400	2.400	-0.300	11.600	-2.500	0.800
SCAI	-81.720	33.562	7.100	7.100	7.100	-0.700	-0.300	0.200	-14.000	2.300	0.000	13.300	-2.600	0.200
SCCE	-81.681	35.102	11.340	11.340	11.340	0.100	-0.100	-0.500	-13.600	2.600	-1.400	13.700	-2.700	0.900
SCDN	-79.359	34.411	12.900	10.100	12.900	-0.000	-0.100	-0.700	-13.400	3.400	-1.700	13.400	-3.500	1.000
SCDR	-80.560	33.180	10.790	11.340	4.120	0.300	-0.600	-0.900	-12.900	2.400	-2.200	13.200	-3.000	1.300
SCGP	-82.233	34.938	16.110	20.380	20.380	-0.200	0.500	-0.900	-13.900	2.600	-1.800	13.700	-2.100	0.900
SCHN	-81.094	32.860	7.130	11.340	11.340	-0.200	-0.100	-0.900	-13.200	2.700	-1.900	13.000	-2.800	1.000
SCLE	-80.238	34.211	12.900	8.070	12.900	0.200	-0.500	-0.500	-13.200	2.600	-1.400	13.400	-3.100	0.900
SCLS	-82.030	34.489	12.900	12.890	7.990	-0.400	-0.000	-0.500	-13.900	2.500	-1.400	13.500	-2.500	0.900
SCOE	-83.038	34.672	8.220	8.150	12.900	-0.400	-0.700	0.000	-13.500	1.500	-0.900	13.100	-2.200	0.900
SCUN	-81.649	34.766	16.710	16.710	16.710	-0.200	-0.500	-0.600	-13.800	2.200	-1.600	13.600	-2.700	1.000
SCWR	-81.199	34.983	12.750	12.750	12.750	-0.200	0.200	-0.500	-13.900	3.000	-1.500	13.700	-2.800	1.000
TALH	-84.356	30.397	23.190	17.580	11.580	0.000	0.100	0.300	-12.500	1.700	-0.500	12.500	-1.600	0.800
TAM1	-97.864	22.278	16.340	11.420	11.390	0.800	0.300	-0.100	-9.400	-3.000	-0.500	10.200	3.300	0.400
TN21	-85.207	35.064	16.740	16.740	9.290	0.100	0.300	-0.300	-13.700	1.700	-1.100	13.800	-1.400	0.800
TXAA	-94.153	33.114	11.040	16.970	16.970	-0.200	-0.000	0.400	-13.600	-1.800	-0.200	13.400	1.800	0.600
TXAB	-99.757	32.503	20.500	20.500	20.500	0.500	-0.000	0.600	-12.600	-3.800	0.100	13.100	3.800	0.500
TXAH	-95.817	32.226	7.930	14.060	6.720	-0.100	-0.400	-0.600	-13.200	-2.800	-1.200	13.100	2.400	0.600
TXBN	-96.175	33.607	16.180	16.180	16.180	-0.500	-0.200	-0.900	-14.000	-2.700	-1.500	13.500	2.500	0.600
TXBU	-98.184	30.750	21.230	21.230	12.090	0.100	0.100	0.100	-12.500	-3.200	-0.500	12.600	3.300	0.600
TXC1	-94.160	31.814	13.820	13.820	13.820	-0.100	0.000	-0.500	-13.100	-1.800	-1.100	13.000	1.800	0.600
TXC3	-99.422	31.810	9.490	11.890	11.890	0.100	0.100	0.200	-12.800	-3.600	-0.300	12.900	3.700	0.500
TXC4	-98.597	31.910	10.860	10.860	10.860	-0.100	-0.300	0.100	-13.100	-3.700	-0.400	13.000	3.400	0.500
TXCR	-95.072	33.611	16.180	16.180	16.180	-0.500	0.100	-0.200	-14.000	-2.100	-0.900	13.500	2.200	0.700
TXDC	-97.609	33.236	19.850	19.850	17.670	0.200	-0.100	-0.600	-13.200	-3.100	-1.200	13.400	3.000	0.600
TXDI	-94.726	33.050	7.810	15.300	15.300	0.100	0.100	-0.800	-13.300	-2.000	-1.400	13.400	2.100	0.600
TXEM	-95.784	32.889	15.300	15.290	15.300	-0.000	-0.300	0.100	-13.300	-2.700	-0.500	13.300	2.400	0.600
TXEN	-99.860	31.217	14.710	14.710	14.710	0.000	0.100	0.000	-12.700	-3.800	-0.500	12.700	3.900	0.500
TXFR	-98.847	30.246	20.010	20.010	20.010	0.100	0.100	0.200	-12.400	-3.400	-0.300	12.500	3.500	0.500
TXGB	-96.515	31.516	4.360	5.050	5.050	0.200	0.000	0.400	-12.700	-2.700	-0.200	12.900	2.700	0.600
TXGE	-96.056	33.132	15.060	15.940	15.940	0.200	-0.200	-0.000	-13.100	-2.700	-0.600	13.300	2.500	0.600
TXGL	-98.568	31.472	11.960	11.960	11.960	0.100	0.100	-0.800	-12.800	-3.300	-1.300	12.900	3.400	0.500
TXHC	-96.707	32.644	7.260	7.260	7.260	-0.100	-0.200	0.900	-13.300	-3.000	-0.500	13.200	2.800	1.400
TXHD	-94.811	32.120	11.840	12.920	12.920	0.200	-0.100	-0.800	-12.900	-2.100	-1.400	13.100	2.000	0.600
TXHO	-99.134	29.344	15.900	15.900	15.900	0.000	0.500	-0.100	-12.200	-3.100	-0.600	12.200	3.600	0.500
TXJN	-99.777	30.500	14.060	14.060	14.060	0.000	-0.000	-0.400	-12.500	-3.900	-0.500	12.500	3.900	0.100
TXJY	-98.402	30.282	13.470	13.470	13.470	0.200	0.100	0.000	-12.300	-3.200	-0.500	12.500	3.300	0.500
TXKL	-97.732	31.121	11.070	11.070	11.070	0.100	0.000	0.000	-12.700	-3.100	-0.500	12.800	3.100	0.500
TXKR	-99.121	30.065	17.800	17.800	17.800	-0.000	0.200	0.400	-12.400	-3.400	-0.000	12.400	3.600	0.400
TXLE	-99.761	29.739	14.710	14.710	14.710	-0.100	0.200	-0.200	-12.400	-3.700	-0.800	12.300	3.900	0.600
TXLL	-98.679	30.734	20.010	20.010	11.620	0.300	0.300	-0.100	-12.400	-3.200	-0.600	12.700	3.500	0.500
TXLP	-99.850	28.942	15.220	15.220	11.620	-0.500	-0.200	0.300	-12.600	-4.100	-0.100	12.100	3.900	0.400
TXLR	-99.448	27.514	23.510	23.510	11.910	-0.100	-0.100	0.900	-11.800	-3.800	-0.600	11.700	3.700	1.500
TXMA	-94.289	32.535	20.010	20.010	20.010	0.300	0.800	0.200	-12.900	-1.100	-0.400	13.200	1.900	0.600
TXMI	-95.477	32.689	16.970	16.970	16.970	0.100	-0.100	-0.400	-13.100	-2.400	-1.000	13.200	2.300	0.600
TXNA	-96.539	32.042	17.660	21.760	17.670	-0.000	0.200	0.300	-13.100	-2.500	-1.100	13.100	2.700	1.400
TXNO	-97.726	33.776	14.700	14.380	17.610	0.400	-0.100	-0.000	-13.100	-3.200	-0.600	13.500	3.100	0.600
TXRD	-96.715	32.956	6.130	6.130	6.130	-0.100	0.000	-0.100	-13.400	-2.700	-0.700	13.300	2.700	0.600
TXRL	-100.469	31.900	14.710	14.710	11.620	-0.200	0.600	0.300	-13.100	-3.500	-0.200	12.900	4.100	0.500
TXSA	-100.473	31.414	19.590	21.980	11.640	0.300	0.100	0.900	-12.400	-3.900	-0.900	12.700	4.000	1.800
TXSB	-98.746	31.198	11.320	11.310	11.320	0.200	-0.300	-0.300	-12.600	-3.700	-0.800	12.800	3.400	0.500
TXSG	-97.344	32.856	19.850	14.570	17.660	0.200	-0.400	-0.700	-13.100	-3.300	-1.300	13.300	2.900	0.600
TXST	-98.182	32.233	17.680	19.850	17.650	0.000	0.000	0.100	-13.000	-3.200	-0.500	13.000	3.200	0.600
TXSY	-99.258	33.602	16.970	9.910	16.960	0.500	-0.200	0.700	-12.900	-4.000	-0.300	13.400	3.800	1.000
TXTH	-99.168	33.179	17.610	17.610	17.610	0.200	-0.200	0.600	-13.100	-3.800	0.000	13.300	3.600	0.600
TXUV	-99.827	29.201	17.800	17.800	17.800	-0.200	0.200	0.500	-12.400	-3.700	0.000	12.200	3.900	0.500
TXVE	-99.283	34.133	17.610	17.550	17.610	0.200	-0.200	0.600	-13.400	-3.900	0.100	13.600	3.700	0.500
TXWF	-98.506	33.854	12.560	21.940	21.770	0.400	-0.100	0.300	-13.100	-3.400	-0.200	13.500	3.300	0.500
TXWX	-96.838	32.427	11.070	11.070	11.070	-0.200	-0.500	-0.900	-13.300	-3.200	-1.400	13.100	2.700	0.500
TXZA	-99.280	26.916	10.650	10.660	10.660	0.400	-0.000	0.400	-11.100	-3.700	0.000	11.500	3.700	0.400
WACH	-81.882	27.514	20.300	12.120	12.150	0.100	-0.100	-0.100	-11.500	2.300	-1.000	11.600	-2.400	0.900
WMOK	-98.781	34.738	19.740	19.750	19.750	0.300	-0.000	0.100	-13.400	-3.500	-0.400	13.700	3.500	0.500
XCTY	-83.108	29.631	11.670	21.470	11.640	0.000	0.000	0.600	-12.200	2.000	-0.300	12.200	-2.000	0.900
ZEFR	-82.165	28.228	10.310	11.590	11.540	-0.000	-0.300	0.400	-11.900	2.100	-0.400	11.900	-2.400	0.800
ZJX1	-81.908	30.699	18.200	18.280	21.330	-0.000	-0.100	-0.100	-12.500	2.400	-0.900	12.500	-2.500	0.800
ZMA1	-80.319	25.825	17.990	18.030	21.350	0.200	-0.100	-0.100	-10.900	2.900	-0.900	11.100	-3.000	0.800
RMS	89.821	32.058	14.131	14.507	13.259	0.265	0.301	0.480	12.962	2.477	0.887	12.963	2.484	0.786
Mean	-89.548	31.953	13.328	13.680	12.529	0.006	-0.054	0.010	-12.935	-0.267	-0.732	12.941	0.213	0.742
Std_Dev	7.008	2.604	4.694	4.829	4.339	0.265	0.297	0.480	0.847	2.463	0.501	0.754	2.475	0.259
